48
19
20
23
14
5
14
12
22
47
30
46
26
12
24
15
14
26
24
2
22
14
7
31
35
5
26
32
4
9
8
45
24
10
2
24
4
21
22
20
12
12
8
22
28
48
8
44
22
13
17
32
47
39
37
4
33
6
34
4
9
27
26
12
4
24
31
2
12
6
20
9
11
8
8
1
5
47
19
29
32
27
7
13
9
22
32
28
3
17
2
7
30
33
32
19
30
7
24
7
24
27
7
15
21
11
16
19
7
21
46
9
17
34
5
21
27
13
18
10
17
22
27
15
4
1
15
6
5
30
6
8
14
30
21
14
22
14
30
4
9
17
14
47
5
22
46
24
2
8
30
29
13
44
41
9
15
6
48
27
44
20
35
7
6
24
14
31
17
44
31
29
40
13
26
11
20
15
5
27
1
30
23
13
15
18
38
26
7
16
9
1
4
47
23
28
3
47
2
2
27
11
17
20
11
13
34
28
11
16
13
28
29
14
10
12
11
23
22
13
22
29
24
28
48
25
6
38
35
5
7
28
20
16
19
12
21
1
20
3
4
24
10
10
4
6
3
7
16
15
8
23
19
25
39
34
2
48
13
10
5
15
22
22
24
22
32
2
21
20
24
6
16
23
6
5
22
25
22
12
2
18
12
7
30
8
23
19
5
21
12
3
13
12
4
32
16
12
37
31
42
5
22
14
2
4
18
28
22
22
1
8
17
48
46
20
6
31
22
22
9
21
28
35
18
24
26
16
12
20
47
23
14
35
14
14
30
24
7
25
17
46
6
23
28
18
1
12
13
26
16
27
25
27
18
27
7
24
5
25
7
17
23
4
14
13
16
1
25
10
24
7
21
7
31
26
45
47
27
16
6
12
36
31
16
9
25
23
4
5
30
3
18
14
41
22
30
3
24
22
23
12
8
7
18
18
14
2
15
18
18
24
29
22
5
36
32
6
20
23
18
15
16
19
19
17
31
22
9
7
11
21
5
4
18
5
46
32
15
27
1
27
30
7
29
31
17
11
3
14
20
13
15
27
24
8
40
10
7
14
3
2
48
20
15
8
1
4
37
29
41
5
29
24
8
26
11
8
7
17
21
17
35
32
23
9
31
24
17
33
18
3
6
15
4
10
12
45
4
24
29
15
1
20
28
47
30
2
20
22
28
4
22
19
26
27
11
9
12
6
22
3
6
6
20
35
22
31
7
13
32
25
23
16
12
25
1
23
15
14
8
10
20
5
16
29
23
24
32
10
18
6
10
15
11
3
48
7
30
20
10
9
37
24
16
10
7
13
4
5
18
14
3
5
31
22
26
11
1
16
3
11
1
18
29
22
30
12
5
2
12
9
14
4
24
9
11
14
21
6
13
1
32
17
6
24
14
16
12
9
13
30
16
17
38
8
28
12
26
6
44
11
13
21
24
48
6
15
15
3
7
16
31
4
35
14
36
3
24
25
20
3
13
24
17
22
9
25
8
21
23
27
31
11
26
5
22
16
1
14
12
20
20
12
13
34
12
32
14
12
16
30
25
7
28
17
17
24
15
5
23
6
17
1
10
6
22
26
15
8
18
12
24
18
8
13
8
10
28
12
31
18
22
18
5
9
37
26
10
22
16
39
27
39
6
48
33
12
21
11
9
8
2
11
35
3
4
41
26
42
24
10
22
48
14
3
4
48
6
12
12
28
25
12
31
9
7
21
16
7
13
11
18
19
5
3
26
13
30
17
3
25
13
3
34
14
9
39
3
20
18
20
27
15
28
7
14
19
28
7
8
12
30
1
3
8
8
2
14
13
1
21
45
12
31
13
14
12
6
31
32
8
3
24
6
41
7
19
14
4
21
3
24
22
9
28
17
4
30
24
10
34
18
5
28
26
30
7
21
27
6
28
7
9
48
29
2
17
6
17
18
12
25
20
20
36
15
26
26
35
12
26
8
4
7
10
30
2
26
8
2
15
28
9
21
35
46
20
7
19
12
47
10
5
29
6
12
9
33
5
12
26
20
23
29
2
28
2
18
12
31
14
6
5
14
21
8
16
4
30
12
7
8
19
17
13
38
6
2
8
7
7
28
11
23
2
4
43
16
26
5
28
16
4
19
14
2
11
15
5
24
24
14
14
19
15
6
13
14
20
10
2
24
10
28
8
10
34
18
8
23
30
23
5
20
14
28
24
14
24
14
3
9
37
21
18
47
8
24
6
22
12
17
10
14
10
20
2
5
29
38
20
18
17
4
34
15
17
22
14
26
15
44
8
22
48
20
8
6
6
20
34
28
3
2
14
25
18
27
7
45
21
17
23
1
6
9
17
30
17
6
24
35
19
4
24
23
32
16
20
1
24
7
14
33
15
10
3
25
32
28
36
30
23
34
26
16
17
21
7
5
4
21
19
14
20
19
34
27
18
22
13
17
13
16
25
27
16
26
19
3
27
27
6
5
6
13
8
15
14
4
6
4
23
9
11
27
21
29
24
48
14
2
14
5
38
24
22
4
8
4
15
34
11
20
6
32
14
10
11
24
28
20
18
1
2
24
29
39
18
10
4
11
15
18
10
23
17
19
3
4
12
15
10
7
11
16
11
12
18
32
4
19
14
4
26
3
21
28
13
2
36
16
16
20
14
8
6
28
15
28
13
27
3
2
11
7
29
6
3
19
27
9
5
5
3
9
6
31
4
35
8
18
7
2
47
7
25
4
12
15
12
25
39
21
12
21
26
31
16
24
28
28
29
15
13
22
19
25
18
24
26
11
22
16
18
21
48
24
12
20
37
21
12
12
28
5
18
4
23
18
23
9
5
10
16
6
14
22
6
5
22
29
8
28
28
42
48
26
16
16
25
7
5
22
24
25
18
20
22
20
16
4
27
10
16
21
10
22
28
25
31
1
12
25
23
22
27
29
11
17
18
40
10
8
14
15
28
6
2
17
19
6
43
1
8
5
28
11
32
8
40
48
11
33
1
6
8
18
22
7
29
20
2
17
15
30
13
20
28
21
14
15
28
14
43
16
5
2
7
33
26
8
16
18
37
23
26
8
36
21
4
3
12
10
3
15
20
12
26
12
26
34
5
22
7
14
3
29
21
12
9
23
19
24
8
21
16
15
6
8
38
37
5
16
28
28
26
3
18
2
3
4
13
10
31
15
20
26
21
28
24
8
32
6
18
22
19
4
22
14
10
6
9
8
19
27
26
31
10
5
26
10
15
28
17
21
14
18
25
30
6
13
27
35
20
23
8
10
17
4
20
31
22
17
15
19
14
1
20
26
19
19
13
28
25
17
8
4
23
13
16
29
28
21
38
40
10
17
28
28
14
10
48
28
4
12
21
23
32
29
15
20
6
26
12
20
12
21
33
34
14
14
36
4
13
22
30
25
15
30
23
6
13
6
5
5
16
17
11
12
45
11
24
6
11
3
37
23
3
2
5
17
35
1
14
14
26
21
48
25
29
19
6
25
11
15
36
26
24
31
5
8
5
27
18
29
47
20
20
12
13
32
14
12
6
1
22
20
28
29
3
16
31
2
4
4
22
12
31
32
28
20
15
27
24
16
8
12
6
25
24
22
13
13
20
10
47
13
47
14
47
36
6
12
22
16
31
8
18
22
7
34
14
42
15
6
6
7
15
36
18
2
15
12
22
31
23
8
11
16
22
25
13
8
8
6
20
22
10
9
2
3
10
48
15
15
8
23
3
31
17
24
26
30
21
32
12
2
46
25
15
4
17
5
28
27
11
14
21
11
12
12
26
28
2
30
36
25
10
6
2
11
10
14
10
20
16
33
18
33
6
21
15
17
34
17
25
25
21
14
9
17
24
10
19
4
18
22
23
22
2
3
8
12
23
30
18
25
28
5
24
26
7
12
23
30
12
14
16
15
18
19
32
6
34
23
34
14
12
6
23
16
11
19
19
16
28
48
22
28
9
32
8
10
6
8
40
14
21
33
7
7
5
24
27
38
12
28
9
22
31
7
18
19
6
8
27
43
21
14
20
43
4
34
32
14
10
26
5
21
48
25
5
26
12
3
28
10
23
5
23
17
24
32
15
48
8
5
26
2
18
32
9
26
17
12
22
22
13
6
23
25
13
24
23
34
12
15
19
5
3
22
10
4
23
12
22
15
1
12
15
4
15
48
6
36
16
16
18
7
3
48
28
6
13
16
8
26
24
16
4
18
24
12
9
35
28
4
17
26
1
12
21
26
36
22
25
19
36
22
37
9
9
18
23
14
2
20
10
12
17
2
12
13
15
11
25
6
12
37
48
7
38
20
18
8
10
46
2
17
28
22
3
1
6
5
12
4
19
17
13
26
18
27
15
32
30
23
6
31
10
27
25
30
17
1
16
2
20
6
25
25
10
4
32
36
17
8
14
21
2
6
30
16
13
29
18
20
28
18
24
3
25
5
23
1
28
21
26
22
12
18
24
22
3
23
13
19
21
12
8
22
24
12
24
6
17
26
25
7
17
7
25
10
22
6
18
21
28
24
16
3
7
14
19
25
15
15
28
48
20
10
48
12
21
11
26
18
9
13
11
4
16
12
2
18
30
7
1
30
12
24
15
31
13
10
30
34
12
46
30
13
23